 X, Y, -Cp
  0.98802820269920366       -1.7134755260443766E-003   4.6189635272532625E-006
  0.96407747743127004       -5.0898516533013517E-003   4.4444489860431620E-006
  0.94011300558973465       -8.3672676357562110E-003   4.2637796211837031E-006
  0.91613574824885569       -1.1549848702140571E-002   4.0706407624783778E-006
  0.85696041606158890       -1.8859018276118696E-002   3.8555826226497054E-006
  0.76251999028371609       -2.9704159433054569E-002   3.2020746081846837E-006
  0.66794082652431652       -3.9263083756818487E-002   2.4379796225156836E-006
  0.57323221756290499       -4.7429745845838187E-002   1.4639546429855776E-006
  0.48266013662849366       -5.3713501919222695E-002   1.3295250958408571E-007
  0.39624075663469749       -5.7844437660451109E-002  -1.6974782712339580E-006
  0.30974697373975435       -5.9575184617904731E-002  -4.5356253033924933E-006
  0.22326887557937236       -5.7907796437660315E-002  -8.9997713140692328E-006
  0.15840581266459264       -5.4038324610314714E-002  -1.6060198574147355E-005
  0.11524977882100608       -4.8872083102511094E-002  -2.4088535591639209E-005
   7.2565276587561137E-002  -4.0850158121300079E-002  -3.7236883720359261E-005
   3.1599883769795230E-002  -2.7199997472056682E-002  -5.9018533668517638E-005
   9.6300141936384517E-003  -1.6619302086520862E-002  -7.4154411609812025E-005
   5.5735115661281944E-003  -1.2674648411847296E-002  -8.2905388578816537E-005
   2.3488911742889935E-003  -8.0555916098777151E-003  -9.0284335457129853E-005
   5.0131596542933718E-004  -2.7823458839002346E-003  -9.5154502893714523E-005
   5.0133423145217165E-004   2.7823829902894012E-003  -9.5154788654727059E-005
   2.3489791091255274E-003   8.0557383090639999E-003  -9.0284420949066232E-005
   5.5737152118179138E-003   1.2674872809898274E-002  -8.2905279729091148E-005
   9.6303497786009128E-003   1.6619578797037730E-002  -7.4154178145587442E-005
   3.1600265810001305E-002   2.7200200068506604E-002  -5.9018121989565113E-005
   7.2565580428798210E-002   4.0850233919279513E-002  -3.7236706052566335E-005
  0.11524996438453387        4.8872112563630207E-002  -2.4088463211090768E-005
  0.15840587459345429        5.4038331833833317E-002  -1.6060172307127637E-005
  0.22326887519119981        5.7907796418461679E-002  -8.9997609863346682E-006
  0.30974697347802965        5.9575184617439700E-002  -4.5356201328009696E-006
  0.39624075650002932        5.7844437664351434E-002  -1.6974750379100126E-006
  0.48266013662076623        5.3713501919034186E-002   1.3295484096949021E-007
  0.57323221761159937        4.7429745842100787E-002   1.4639566163585891E-006
  0.66794082655905929        3.9263083753603878E-002   2.4379814057895185E-006
  0.76251999030454443        2.9704159430852136E-002   3.2020762562317805E-006
  0.85696041606854090        1.8859018275320855E-002   3.8555841565383755E-006
  0.91613574824887656        1.1549848702137849E-002   4.0706422593091752E-006
  0.94011300558974953        8.3672676357542004E-003   4.2637810867081119E-006
  0.96407747743127870        5.0898516533001278E-003   4.4444504214887736E-006
  0.98802820269920644        1.7134755260439559E-003   4.6189649320020765E-006
